%YAML:1.0
# General sensor definitions.
camera_id: right_cam

# Sensor extrinsics wrt. the body-frame.
T_BS:
  cols: 4
  rows: 4
  data: [-0.5075015247589049, -0.015146305941367622, -0.861517725751314, -0.15641, -0.8615875672891979, -0.0031981131675223734, 0.5075988927931666, 0.077964, -0.010443479308523962, 0.9998801735650614, -0.01142682158057172, 0.005051, 0.0, 0.0, 0.0, 1.0]
# -0.19492503441533673, 

rate_hz: 20
resolution: [1440, 700]
camera_model: pinhole
intrinsics: [475.64703095179016, 475.7745888356625, 782.3618050995357, 495.47461532012164]
distortion_model: radial-tangential
distortion_coefficients: [0,0,0,0]
